MeanTransitionProbabilitiesNoZero1,I,bII,II,bIII,III,IV,bV,V,bVI,VI,bVII,VII
I,0.6447,0.5198,0.4424,0.6099,0.5304,0.5972,0.3626,0.3453,0.4315,nan,0.438,0.5939
bII,0.8724,0.875,1.0,nan,0.75,nan,nan,0.8667,0.7232,0.825,0.6125,0.7222
II,0.6702,0.7306,0.7691,0.8066,0.8777,0.7063,0.5,0.6875,0.3841,0.75,0.1,0.6533
bIII,0.7874,0.8889,0.3611,0.8878,0.7747,nan,nan,1.0,0.6683,nan,0.7462,0.8777
III,0.6667,0.8082,0.6409,0.9186,0.7579,0.7893,1.0,1.0,0.5,1.0,nan,1.0
IV,0.7571,0.443,0.5526,0.5538,0.6407,0.6255,nan,0.1964,0.5416,0.5789,0.5456,0.5641
bV,1.0,1.0,0.5,1.0,1.0,nan,1.0,0.6429,nan,0.75,0.9048,nan
V,0.798,0.5027,0.5259,0.6856,0.5251,0.5825,0.4286,0.0556,0.7778,nan,0.6593,0.6442
bVI,0.6365,0.6964,nan,0.7973,0.7038,0.8333,nan,0.9286,0.6932,0.5,0.5267,0.7394
VI,0.7475,0.8105,0.7013,0.6735,0.7462,0.6421,0.4821,0.75,nan,1.0,0.675,0.8286
bVII,0.8066,0.75,nan,0.8157,0.6475,0.859,0.7933,0.4,0.6902,nan,0.7167,0.6842
VII,1.0,nan,0.9286,1.0,1.0,0.5,0.875,nan,nan,1.0,1.0,0.5
