MeanTransitionProbabilitiesNoZero0,I,bII,II,bIII,III,IV,bV,V,bVI,VI,bVII,VII
I,0.7174,0.5395,0.4815,0.5498,0.534,0.6058,0.413,0.2657,0.4374,0.3095,0.3145,0.4761
bII,1.0,1.0,nan,0.75,nan,nan,nan,0.8773,1.0,0.7667,0.72,0.2
II,0.7546,0.8088,0.7339,0.751,0.729,0.8274,0.963,0.625,0.6087,0.9167,0.25,0.6111
bIII,0.8556,1.0,0.5625,0.885,0.8571,nan,0.1667,1.0,0.8715,0.6667,0.6745,0.8281
III,1.0,0.85,0.9213,0.8083,0.6,0.8732,1.0,1.0,0.7778,1.0,nan,nan
IV,0.7531,0.6183,0.6946,0.8295,0.7453,0.6318,nan,nan,0.5455,0.4724,0.5982,0.5929
bV,0.5,nan,nan,1.0,0.8333,nan,1.0,0.9167,1.0,1.0,0.7778,1.0
V,0.786,0.6356,0.75,0.8427,0.8248,0.6236,1.0,nan,0.6981,0.4127,0.7196,0.8138
bVI,0.9091,nan,0.0625,0.7222,0.7735,1.0,nan,0.8625,0.6792,0.5587,0.856,0.954
VI,0.8802,0.8033,0.7748,0.8726,0.7593,0.8498,0.3655,nan,nan,nan,1.0,0.7969
bVII,0.864,0.75,nan,0.923,0.8315,1.0,1.0,nan,0.7986,0.25,0.7261,0.8522
VII,nan,nan,0.9,nan,0.2955,0.803,0.875,nan,0.5,1.0,1.0,nan
