MeanTransitionProbabilitiesNoZero2,I,bII,II,bIII,III,IV,bV,V,bVI,VI,bVII,VII
I,0.7313,0.5506,0.6723,0.582,0.4932,0.4874,0.5648,0.4197,0.4314,0.75,0.416,0.4673
bII,0.903,0.7778,nan,nan,1.0,nan,nan,0.7484,nan,0.5833,0.85,0.2778
II,0.7317,0.788,0.5863,0.8122,0.8248,0.7739,nan,0.5194,0.0455,1.0,0.5,0.9105
bIII,0.7217,0.8056,0.5,0.7473,0.7292,1.0,nan,0.5556,0.7417,0.7083,0.641,0.8003
III,0.775,0.9405,0.9048,0.7932,0.8611,0.9099,1.0,nan,1.0,nan,nan,0.1111
IV,0.6659,0.6166,0.5784,0.7367,0.6648,0.4389,0.3333,0.1333,0.473,0.5287,0.3738,0.5637
bV,0.9333,nan,nan,1.0,0.8857,nan,1.0,0.9333,0.75,1.0,0.4167,nan
V,0.7131,0.4873,0.6475,0.7477,0.8306,0.4446,0.3167,nan,0.6408,0.2292,0.8613,0.6242
bVI,0.8111,nan,0.0625,0.8884,0.8197,1.0,0.5,0.7292,0.5896,0.625,0.8666,0.7083
VI,0.8591,0.8504,0.7228,0.8427,0.685,0.825,0.6563,nan,0.125,0.25,1.0,0.7778
bVII,0.8027,0.5833,1.0,0.8716,0.7885,0.7019,0.3333,1.0,0.5597,nan,0.6829,0.7931
VII,1.0,nan,0.9444,nan,0.1667,0.8333,0.9375,nan,nan,nan,nan,0.6667
