MeanTransitionProbabilitiesNoZero3,I,bII,II,bIII,III,IV,bV,V,bVI,VI,bVII,VII
I,0.5694,0.381,0.4145,0.4858,0.4335,0.4241,0.3245,0.1868,0.3454,0.3515,0.4132,0.4196
bII,0.8383,0.25,1.0,0.1955,0.9773,nan,nan,0.5437,0.7083,0.5179,0.6457,1.0
II,0.7469,0.5786,0.5168,0.5939,0.7582,0.5278,0.25,0.8214,0.4722,nan,0.3611,0.711
bIII,0.8015,0.8556,1.0,0.7771,0.5447,1.0,nan,0.4602,0.7179,0.4333,0.5981,0.8403
III,0.6817,0.7887,0.5437,0.8435,0.7768,0.8197,0.6111,0.6667,0.8333,1.0,1.0,1.0
IV,0.7451,0.4904,0.4922,0.4451,0.6177,0.4275,nan,0.5,0.4892,0.4242,0.3146,0.5801
bV,0.9167,1.0,1.0,1.0,0.9,1.0,1.0,1.0,nan,nan,0.9167,0.25
V,0.7445,0.4026,0.3388,0.4674,0.4307,0.3511,0.1127,0.2468,0.271,0.3125,0.3758,0.3209
bVI,0.7202,nan,nan,0.5189,0.8251,0.625,nan,0.8948,0.61,0.5134,0.4834,0.7975
VI,0.6721,0.738,0.5131,0.6973,0.6584,0.5988,0.5119,1.0,0.25,nan,nan,0.8167
bVII,0.7149,0.6286,nan,0.668,0.5501,0.7155,0.6677,0.4727,0.4702,nan,0.3918,0.3417
VII,0.8542,1.0,0.875,0.75,nan,0.6875,0.625,nan,0.8333,1.0,nan,1.0
